Daily_Kos, The_Guardian, CNN, Fox, NY_post, The_Blaze
0,0,0,0,0,0
18,0,0,21,0,12
25,0,0,17,0,14
18,3,0,11,0,14
18,0,0,9,0,10
18,0,0,9,0,10
20,0,0,7,0,12
26,0,0,7,0,17
26,0,0,7,0,16
19,0,0,2,0,12
19,0,0,2,1,12
18,0,0,2,1,12
15,3,0,2,1,12
15,3,0,2,1,12
15,0,0,2,1,12
15,3,0,2,1,12
14,0,0,2,1,12
14,3,0,2,1,12
16,3,0,2,1,12
16,3,0,6,1,12
16,3,0,6,1,12
14,3,0,6,1,12
14,3,0,6,1,12
14,3,0,6,1,12
14,0,0,6,1,12
14,3,0,6,1,12
14,0,0,6,1,12
14,0,0,6,1,12
14,0,0,6,1,12
14,0,0,6,1,12
14,0,0,6,1,12
14,0,0,6,1,12
12,0,0,6,1,12
12,0,0,14,1,12
12,0,0,22,1,12
10,0,0,22,1,12
10,0,0,22,1,12
9,0,0,22,0,12
10,0,3,24,0,12
11,0,3,22,0,12
11,0,3,22,0,12
11,0,3,14,0,12
10,0,3,14,0,12
10,0,3,14,0,12
11,0,3,14,0,10
10,0,3,14,0,10
18,0,0,14,0,10
17,0,0,10,0,10
17,0,0,8,0,10
18,0,0,8,0,10
18,0,0,10,0,10
22,0,0,10,0,10
21,0,0,14,0,10
27,0,3,14,0,10
28,0,3,12,0,10
31,0,3,12,0,10
31,0,3,10,0,10
28,0,3,10,0,10
30,0,3,10,0,10
27,0,0,10,0,10
35,0,0,10,0,10
35,0,3,12,0,10
35,0,3,12,0,10
34,0,3,14,0,10
35,0,3,12,0,10
35,0,3,12,0,10
33,0,0,12,0,10
39,0,0,12,0,10
36,0,0,12,0,10
36,0,0,12,0,10
37,0,0,12,0,10
37,0,0,12,0,10
34,0,0,12,0,10
34,0,0,14,0,10
34,0,0,14,0,10
34,0,0,14,0,10
34,0,0,14,0,10
36,0,0,14,0,10
35,0,0,10,0,10
38,0,0,10,0,10
43,0,0,10,0,10
43,0,0,10,0,10
37,0,0,14,0,10
39,0,0,14,0,10
38,0,0,14,0,10
31,0,0,10,0,10
35,0,0,2,0,10
35,0,0,2,0,10
33,0,0,2,0,10
28,0,0,2,0,10
39,0,0,2,0,10
31,0,0,2,1,10
34,0,0,2,1,10
31,0,0,2,1,10
28,0,0,2,0,10
26,0,3,2,0,10
26,0,3,2,0,10
28,0,3,4,0,10
31,0,3,4,0,10
30,0,3,4,0,10
29,0,3,4,0,10
32,0,3,4,0,10
26,0,3,4,0,8
30,0,3,6,0,8
32,0,3,4,0,8
26,0,3,4,0,8
35,0,0,4,0,8
35,0,0,2,0,6
30,0,0,2,0,6
30,0,0,2,0,6
30,0,0,2,0,6
30,0,0,0,0,6
26,0,0,0,0,6
28,0,0,0,0,6
33,0,0,8,0,6
31,0,0,8,0,6
28,0,0,8,0,6
26,0,0,8,0,6
30,0,0,8,0,6
28,0,0,8,0,6
28,0,0,13,0,6
28,0,0,13,0,6
28,0,2,13,0,6
28,0,2,13,0,6
33,0,2,32,0,6
31,0,2,30,0,6
26,0,2,31,0,6
26,0,2,31,0,6
22,0,2,28,0,6
20,0,2,28,0,6
23,0,0,24,0,6
23,0,0,24,0,6
21,0,0,24,0,6
21,0,0,24,0,6
19,0,0,20,0,6
17,0,0,20,0,2
20,0,0,24,0,2
20,0,1,24,0,2
22,0,1,20,0,2
21,0,1,20,6,2
16,0,1,19,5,2
16,0,1,19,5,4
14,0,0,16,5,10
16,0,0,12,5,8
16,0,0,8,5,13
0,0,0,0,0,0
92,13,1,13,3,16
87,13,2,15,3,16
81,13,2,14,3,16
82,13,2,18,3,16
81,13,6,14,3,10
78,13,6,12,3,10
84,13,6,12,3,10
97,13,6,12,3,10
89,13,6,14,0,11
88,13,6,14,0,10
84,13,6,14,0,10
77,13,6,14,0,13
76,13,6,14,0,13
75,13,6,14,0,13
79,13,5,14,0,13
78,13,6,10,0,13
78,13,6,10,0,13
77,13,6,8,0,13
75,13,6,8,0,13
77,15,6,8,1,13
81,15,6,8,1,13
79,15,6,8,1,13
78,15,6,8,1,13
77,18,6,8,1,13
78,17,6,8,1,13
79,23,6,8,1,13
79,23,6,8,1,13
88,23,6,8,1,13
82,23,6,8,1,13
78,24,6,8,1,13
78,24,6,8,1,13
77,28,5,8,1,13
76,31,5,14,1,13
74,18,5,24,1,13
64,13,6,28,0,13
61,13,6,28,0,13
68,13,6,22,0,13
64,13,6,25,0,13
69,16,6,25,0,13
62,14,6,25,0,13
65,14,6,22,0,7
71,10,6,26,0,7
73,10,6,23,0,7
68,10,6,19,0,7
66,10,6,20,0,7
64,10,5,20,0,4
62,10,5,28,0,4
74,10,5,19,0,4
75,10,5,19,0,4
75,10,5,19,0,4
89,10,1,14,0,4
82,10,1,22,0,4
76,10,2,22,0,4
89,10,2,23,0,7
82,10,2,21,0,7
71,10,2,20,0,7
84,10,2,21,0,7
86,10,2,21,0,4
77,10,1,21,2,4
85,10,1,21,2,4
85,10,2,21,2,4
85,10,2,21,1,4
73,10,2,21,2,4
72,10,2,20,2,4
72,10,2,20,2,4
85,10,1,20,2,4
82,10,1,20,2,4
81,11,1,20,2,4
82,11,1,20,2,4
68,11,1,20,2,4
72,11,1,20,2,4
72,9,1,20,2,4
69,9,1,20,2,4
72,9,1,20,2,4
69,9,1,23,2,4
70,9,1,22,2,4
77,9,1,20,2,4
78,9,1,20,2,4
60,9,1,20,2,4
67,7,1,18,2,4
67,9,1,11,2,4
57,9,1,11,2,4
69,9,1,11,2,4
62,9,4,11,2,4
57,9,5,11,2,4
56,9,5,11,2,4
56,9,5,9,2,4
62,9,6,8,2,4
62,9,6,10,2,4
66,9,6,10,2,4
66,9,6,10,2,4
76,9,5,10,2,4
75,9,5,10,2,4
62,9,5,12,2,4
63,9,6,12,2,4
64,9,6,12,2,4
63,9,6,12,2,4
69,9,4,12,2,4
72,9,4,12,2,4
86,9,4,14,2,4
88,9,4,18,1,4
74,9,4,18,1,4
82,3,4,18,1,4
80,3,4,18,1,4
69,3,4,18,1,4
80,3,3,18,1,4
80,3,3,18,1,4
78,3,3,18,3,4
78,3,2,10,4,4
76,3,2,10,4,4
71,3,2,10,4,4
67,3,2,10,4,4
69,3,2,10,3,4
69,3,2,14,3,4
66,3,3,14,3,4
68,3,3,14,3,4
65,3,3,14,3,4
70,3,3,14,3,4
67,3,2,14,3,4
67,3,2,18,3,4
64,3,2,18,3,4
67,3,2,16,3,4
67,1,2,16,3,4
71,1,2,15,3,4
68,1,2,13,3,4
61,1,2,14,3,4
64,1,2,14,3,4
60,1,2,15,3,4
56,0,2,15,3,4
59,0,2,13,3,4
59,0,2,13,3,4
55,0,2,21,3,10
48,0,2,21,3,10
59,0,0,21,3,10
56,0,0,23,3,10
69,0,0,24,2,10
68,0,1,22,2,10
66,0,1,20,2,10
73,0,1,15,4,10
90,0,1,15,3,10
103,0,1,15,3,4
98,0,0,14,3,4
92,0,0,18,3,4
109,0,0,10,3,4