[[ 0  0]
 [38 20]
 [34 25]
 [29 24]
 [35 24]
 [28 24]
 [29 24]
 [22 24]
 [22 24]
 [24 24]
 [22 24]
 [24 24]
 [26 24]
 [24 24]
 [27 24]
 [25 24]
 [23 24]
 [26 24]
 [28 24]
 [24 24]
 [23 24]
 [25 24]
 [27 24]
 [28 24]
 [24 24]
 [24 24]
 [24 24]
 [26 24]
 [26 24]
 [28 24]
 [25 24]
 [26 24]
 [27 24]
 [24 24]
 [19 24]
 [23 24]
 [14 24]
 [14 24]
 [13 24]
 [12 26]
 [12 20]
 [12 16]
 [20 18]
 [17 10]
 [17  8]
 [17  8]
 [22  8]
 [23  8]
 [26  8]]
[[  0   0]
 [117  46]
 [117  46]
 [130  45]
 [125  45]
 [119  45]
 [129  45]
 [125  45]
 [114  39]
 [117  39]
 [113  39]
 [100  39]
 [131  39]
 [134  39]
 [125  34]
 [131  34]
 [134  34]
 [126  34]
 [126  34]
 [121  34]
 [121  34]
 [115  34]
 [114  34]
 [122  34]
 [118  34]
 [119  34]
 [119  32]
 [122  32]
 [122  32]
 [125  32]
 [117  32]
 [125  32]
 [114  32]
 [123  32]
 [106  32]
 [117  32]
 [ 94  32]
 [ 92  26]
 [101  26]
 [ 86  26]
 [ 91  26]
 [ 70  24]
 [ 81  24]
 [106  24]
 [ 94  16]
 [ 86  16]
 [ 83  16]
 [ 91  16]
 [ 80  16]]